lat: 52.011578
lng: 4.357068
dbusserver: true
